integral = 3111.999862
time: 1.441496
